customer Code	Item Code	Date	Qty	Val
811757	RR1474	8062019		403.20000
811757	rr1473	08062019	2	86.40000
814075	RN1551	01062019	50	28.80000
814075	rr1461	01062019	5	144.00000
814571	RN1586	01062019	100	28.80000
842011	RN1655	03062019	2	57.60000
816408	RR1659	03062019	3	28.80000
811213	RN1655	03062019	1	28.80000
816020	RN1654	03062019	1	576.00000
816012	RN1505	03062019	2	288.00000
817071	RN1507	03062019	5	144.00000
862056	rr1572	04062019	5	201.60000
814395	RN1654	10062019	2	86.40000
814395	RN1655	10062019	-1	144.00000
812884	RN1507	13062019	-5	57.60000
812884	RN1655	13062019	3	57.60000
812884	RR1733	13062019	5	28.80000
812884	RR1718	13062019	2	172.80000
812884	RR1736	13062019	5	144.00000
812884	RR1674	13062019	2	288.00000
812884	RR1719	13062019	2	28.80000
812884	RR1669	13062019	1	115.20000
812884	RN1476	13062019	2	57.60000
812884	rr1663	13062019	3	115.20000
812884	RN1660	13062019	5	57.60000
812884	RR1713	13062019	5	86.40000
812884	RR1659	13062019	3	57.60000
811470	RN1655	13062019	5	144.00000
811470	RN1654	13062019	2	28.80000
818048	RN1551	15062019	3	28.80000
816155	rr1577	18062019	3	28.80000
835479	RN1654	24062019	2	864.00000
814125	RN1505	25062019	1	28.80000
814125	RN1661	25062019	5	57.60000
814125	RN1660	25062019	10	57.60000
814125	RN1506	25062019	5	28.80000
811676	RN2111	27062019	2	86.40000
811676	RN2702	27062019	3	57.60000
816406	RN1457	30062019	5	-18.00000
816406	RN1455	30062019	2	153.00000
816406	RN2109	30062019	10	45.00000
814456	RN2702	01062019	3	1575.00000
814456	RN1655	01062019	2	45.00000
814456	RN1660	01062019	10	90.00000
814456	RN1654	01062019	2	9.00000
814456	RN1505	01062019	3	90.00000
814439	RN1505	01062019	2	18.00000
841462	RN1655	01062019	1	18.00000
812289	RN1476	01062019	1	18.00000
814201	RN2110	01062019	5	18.00000
814201	RN2702	01062019	10	27.00000
814201	RN1455	01062019	10	0.00000
814201	RN1457	01062019	4	90.00000
814201	RN2109	01062019	10	18.00000
814201	RR1050	01062019	10	9.00000
816296	RN1655	01062019	5	90.00000
816296	RN1654	01062019	3	45.00000
814535	RN1655	01062019	10	90.00000
814395	RN1654	01062019	1	45.00000
814395	RN1655	01062019	10	27.00000
812275	RR1690	02062019	3	45.00000
812282	RN1476	02062019	4	27.00000
814304	RN1655	02062019	4	18.00000
814304	RN1507	02062019	3	45.00000
811859	RN1660	02062019	5	9.00000
811359	rr1509	02062019	5	18.00000
814195	RN1505	02062019	14	90.00000
814501	RN1505	08062019	5	27.00000
811749	RN1654	08062019	4	18.00000
812417	RN1654	08062019	2	18.00000
814457	RN1654	08062019	5	9.00000
814457	RN2110	08062019	10	18.00000
814457	rr1572	08062019	2	18.00000
835130	RN1655	08062019	3	9.00000
835130	RN1654	08062019	3	72.00000
815076	RN1551	09062019	3	45.00000
811369	RN1660	09062019	1	18.00000
811300	RN1476	09062019	10	27.00000
811369	rr1509	09062019	3	27.00000
814395	RN1655	10062019	3	27.00000
814395	RN1654	10062019	5	18.00000
814131	rr1509	10062019	2	45.00000
814131	RN1476	10062019	10	27.00000
814203	RN1654	10062019	3	90.00000
862056	RN1655	11062019	3	9.00000
862056	RN1654	11062019	10	900.00000
862056	RN1505	11062019	10	27.00000
862056	RN1455	11062019	5	90.00000
862056	RN1476	11062019	20	-90.00000
832058	RN1476	11062019	3	18.00000
832113	RN1655	11062019	100	54.00000
815095	rr1572	11062019	10	45.00000
815095	RN1507	11062019	5	45.00000
818048	RN1551	11062019	6	54.00000
814093	rr1509	11062019	2	18.00000
811483	RN1654	12062019	8	45.00000
815048	RN1507	12062019	2	45.00000
811266	rr1509	12062019	5	18.00000
811739	RN1566	12062019	14	9.00000
811739	RN2111	12062019	2	45.00000
811676	RR1734	12062019	3	45.00000
811676	RR1736	12062019	30	45.00000
811676	RN1655	12062019	5	27.00000
811676	RR1716	12062019	3	45.00000
811676	RR1718	12062019	3	0.00000
811676	RN1660	12062019	80	45.00000
811676	RN1654	12062019	5	351.00000
811676	RN2110	12062019	2	18.00000
811676	RN2702	12062019	3	36.00000
811676	RR1719	12062019	5	54.00000
811676	RN1661	12062019	1	27.00000
811676	RR2604	12062019	5	18.00000
811676	RN2111	12062019	5	45.00000
811676	RN1455	12062019	4	45.00000
811676	RR1658	12062019	1	27.00000
811676	RR1674	12062019	2	45.00000
811676	RR1669	12062019	5	27.00000
811676	RN1476	12062019	1	54.00000
811676	RR1659	12062019	10	27.00000
811676	RR1733	12062019	1	45.00000
811676	RN1551	12062019	5	18.00000
811676	RN1556	12062019	2	9.00000
811010	RN1507	12062019	3	90.00000
844244	RN1655	12062019	5	18.00000
815500	RN1507	12062019	3	117.00000
815500	RN1556	12062019	1	18.00000
814313	rr1509	12062019	3	9.00000
862016	RN1655	12062019	50	9.00000
862016	RN1654	12062019	3	234.00000
441516	RN1655	12062019	3	135.00000
441343	RN1655	12062019	2	45.00000
817020	RN1654	13062019	2	270.00000
816155	rr1577	13062019	1	27.00000
811676	RR1713	13062019	3	27.00000
811605	RN1505	13062019	1	14400.00000
844161	RN1455	13062019	5	225.00000
817180	RN1507	15062019	1	90.00000
814117	RN1654	15062019	1	27.00000
814609	RN1655	15062019	3	18.00000
814609	RN1476	15062019	3	27.00000
811562	RN1655	15062019	1	18.00000
814442	RN1655	15062019	2	27.00000
833078	RN1455	15062019	1	27.00000
833527	RN1507	15062019	5	45.00000
816045	RN2111	16062019	3	27.00000
812735	RN1476	16062019	2	18.00000
811269	RN1654	16062019	2	72.00000
811269	rr1572	16062019	1	450.00000
814430	RN1655	16062019	2	45.00000
814430	RN1654	16062019	5	180.00000
841462	RN1654	16062019	1	45.00000
811509	RN1505	16062019	2	9.00000
827091	RN1455	16062019	2	45.00000
816336	RN1655	18062019	1	45.00000
811397	RR1667	18062019	5	27.00000
811563	RN1507	18062019	2	18.00000
811563	RN1711	18062019	5	18.00000
811563	RN1505	18062019	50	27.00000
844232	RN2110	18062019	1	54.00000
844232	rr1572	18062019	2	360.00000
844232	RN1476	18062019	3	90.00000
814754	RN1507	18062019	2	90.00000
814754	RN1654	18062019	2	9.00000
814754	RN1505	18062019	5	45.00000
811359	RN1507	18062019	4	27.00000
814755	RN1505	18062019	3	45.00000
812217	RN1505	19062019	5	90.00000
816225	RN1476	19062019	2	27.00000
841462	RN1654	19062019	2	27.00000
818225	RN1505	19062019	5	45.00000
814125	RN1506	20062019	10	450.00000
814125	RN1661	20062019	1	54.00000
814125	RN1660	20062019	3	45.00000
814125	RN1505	20062019	15	18.00000
811559	RN2109	20062019	2	27.00000
811559	RN1455	20062019	3	18.00000
815404	RN1476	20062019	2	27.00000
843030	RN1505	20062019	5	27.00000
843030	RN1655	20062019	1	9.00000
811730	RN1654	20062019	3	18.00000
835479	RN1654	22062019	3	27.00000
814004	RN1507	24062019	3	27.00000
811429	RN1476	26062019	3	9.00000
816406	RN2109	26062019	2	18.00000
816406	RN1455	26062019	5	18.00000
816406	RN1457	26062019	1	27.00000
818145	RN1711	01072019	1	18.00000
816261	RN1476	01072019	2	45.00000
814247	RN1507	01072019	3	27.00000
812733	RN1476	01072019	2	45.00000
816196	RN1476	01072019	3	9.00000
812734	RN1505	01072019	2	45.00000
814925	RN2702	01072019	1	9.00000
814925	RN1655	01072019	2	18.00000
814925	RN1654	01072019	5	9.00000
815908	RN1476	01072019	2	27.00000
816242	RN1655	01072019	3	27.00000
816069	rr1572	01072019	2	900.00000
816069	RN1655	01072019	3	9.00000
816069	RR1050	01072019	20	27.00000
816069	RN1586	01072019	2	18.00000
816408	RN1507	01072019	2	27.00000
816074	RN1655	01072019	5	27.00000
816178	RR2119	01072019	2	18.00000
816178	RN1476	01072019	3	9.00000
811055	RN1505	01072019	2	27.00000
814173	RR1715	01072019	3	18.00000
814173	RR1051	01072019	2	18.00000
814173	RN1661	01072019	3	9.00000
814173	RN1655	01072019	2	18.00000
814173	RN1575	01072019	2	27.00000
814274	RN2702	01072019	1	18.00000
814274	RN2111	01072019	2	45.00000
814274	RN2110	01072019	5	27.00000
814274	RN1654	01072019	0	27.00000
814918	RN1654	01072019	1	18.00000
814082	RN1586	01072019	1	27.00000
814082	RR2601	01072019	2	90.00000
814082	RR1736	01072019	3	450.00000
811559	RN1455	01072019	5	18.00000
816314	RN1476	01072019	3	18.00000
816728	RN1505	01072019	2	27.00000
816728	RN1655	01072019	1	9.00000
816728	RN1476	01072019	3	18.00000
811859	RN1655	01072019	3	27.00000
811859	RN1654	01072019	3	180.00000
811429	RN1476	01072019	1	45.00000
815259	RN1505	01072019	2	180.00000
815714	RN1655	01072019	3	18.00000
651322	RN1661	02062019	3	9.00000
815155	RN1551	09062019	3	45.00000
815155	RR1667	09062019	3	45.00000
815155	RR1672	09062019	2	18.00000
815155	RN1586	09062019	6	27.00000
815155	RR1658	03062019	10	18.00000
261720	R1459	16062019	6	45.00000
642482	RN1506	01062019	3	18.00000
263152	RN1655	01062019	5	9.00000
251109	rr1663	09062019	2	18.00000
262908	RN1476	02062019	3	27.00000
262908	RN2109	02062019	40	18.00000
262870	RN4649	13062019	1	45.00000
262870	RN4647	13062019	10	27.00000
262870	R2109	13062019	2	18.00000
262870	RR1474	13062019	10	18.00000
262870	RN1586	13062019	2	45.00000
262870	RR1667	13062019	2	45.00000
262870	RN4648	13062019	2	18.00000
262870	R1527	13062019	4	54.00000
262870	rr1597	13062019	2	45.00000
255068	R2702	13062019	2	18.00000
262325	RR1713	13062019	5	18.00000
262908	RN1566	09062019	5	9.00000
262908	RR1475	09062019	2	9.00000
262908	rr1565	09062019	3	9.00000
262908	rr1476	09062019	2	90.00000
642482	RN1611	26062019	1	18.00000
642482	rr1461	26062019	2	27.00000
642482	R2110	26062019	2	9.00000
642482	rr1458	26062019	1	18.00000
261619	rr1565	17062019	2	45.00000
631001	rr1460	12062019	3	18.00000
262526	RR1716	11062019	2	45.00000
263626	RR1716	11062019	2	18.00000
241029	rr1458	15062019	1	180.00000
261395	R1661	20062019	100	36.00000
261395	RR1474	20062019	2	18.00000
262702	RN2111	13062019	2	18.00000
611232	rr1524	18062019	2	18.00000
264130	rr1505	16062019	2	36.00000
264007	rr1655	16062019	3	27.00000
262908	rr1551	16062019	5	45.00000
262908	RN1476	16062019	2	45.00000
253003	RR1716	16062019	2	27.00000
253003	RR1716	16062019	3	27.00000
253003	RR1716	16062019	2	27.00000
641037	rr1577	22062019	10	9.00000
612395	RN1507	18062019	3	18.00000
612558	RR1716	19062019	5	45.00000
824026	RN1661	22062019	5	18.00000
251080	RN1502	20062019	2	90.00000
261344	RN1655	22062019	5	18.00000
263711	RN2109	22062019	20	18.00000
263711	RN2110	22062019	10	45.00000
263152	RN1476	23062019	5	45.00000
263152	rr1509	23062019	3	18.00000
263152	RN1655	23062019	2	18.00000
264007	rr1611	23062019	10	18.00000
641004	R1506	24062019	2	360.00000
263552	RN1476	25062019	5	18.00000
222633	RN2110	29062019	3	18.00000
262067	RN2109	30062019	20	45.00000
254315	rr1577	30062019	20	45.00000
641211	RN1556	01062019	1	18.00000
611021	RN1655	01062019	2	9.00000
642482	RN1551	01062019	1	27.00000
253003	RR1716	01062019	1	18.00000
246160	RN1505	02062019	2	9.00000
246160	RN1660	02062019	2	27.00000
243035	RN1551	02062019	10	18.00000
612160	RN1505	02062019	1	90.00000
262280	RN1711	02062019	2	18.00000
243216	RN1507	02062019	1	90.00000
243216	rr1572	02062019	2	18.00000
253003	RR1716	02062019	10	18.00000
263389	RR1716	02062019	2	27.00000
251244	RN1596	03062019	2	45.00000
262908	RN1505	03062019	1	9.00000
262908	RN1655	03062019	1	27.00000
262908	RN1507	03062019	2	45.00000
262908	RN1660	03062019	3	90.00000
262908	RN1476	03062019	2	90.00000
262908	RN1566	03062019	2	18.00000
262908	RN1661	03062019	3	54.00000
262908	RR1475	03062019	2	90.00000
243028	RN1556	03062019	5	45.00000
612395	RR1716	08062019	2	27.00000
612202	RR1716	08062019	2	27.00000
253003	RR1716	08062019	10	45.00000
246310	RR1716	08062019	2	45.00000
246310	RN1551	08062019	5	45.00000
262546	RN1711	08062019	3	90.00000
261205	RN1507	08062019	2	18.00000
261205	RN1711	08062019	2	90.00000
411297	RN1654	08062019	5	45.00000
262082	RN1476	08062019	2	18.00000
612344	RR1716	08062019	5	18.00000
612395	RR1716	08062019	2	18.00000
612111	RN1507	08062019	1	45.00000
251082	RN1711	09062019	2	18.00000
263711	RN1507	09062019	2	18.00000
824026	RN1660	09062019	2	27.00000
262466	RN1507	09062019	5	9.00000
212090	rr1509	09062019	2	45.00000
242093	RN1660	09062019	6	27.00000
824114	RN1551	09062019	3	18.00000
824114	RN1551	09062019	1	18.00000
631346	RN1507	09062019	10	45.00000
263658	RR1716	10062019	1	27.00000
244167	RN1507	10062019	10	45.00000
245254	RR1716	10062019	5	45.00000
261313	rr1576	10062019	10	18.00000
262908	RN1661	10062019	2	18.00000
262908	RN1476	10062019	2	9.00000
262908	RN1507	10062019	5	27.00000
262908	RN1655	10062019	1	45.00000
262908	RN1660	10062019	10	18.00000
262908	RN1505	10062019	5	9.00000
243425	RN1507	10062019	5	18.00000
264135	rr1509	10062019	2	27.00000
263336	RN2110	10062019	3	27.00000
263336	RN2702	10062019	5	45.00000
263062	RN1507	10062019	5	27.00000
243459	RN1655	10062019	2	18.00000
245033	RN1655	10062019	2	9.00000
251033	RR1716	11062019	2	18.00000
642083	rr1663	11062019	5	27.00000
612478	RN1655	11062019	5	27.00000
612387	RR2118	11062019	2	90.00000
612387	RR2119	11062019	3	720.00000
222633	RN1505	11062019	10	18.00000
252044	RN1654	11062019	2	27.00000
252044	RN1655	11062019	3	18.00000
264081	RN1507	11062019	2	36.00000
612592	RN2702	11062019	4	18.00000
814288	RN1556	11062019	5	45.00000
241052	RN1505	11062019	10	18.00000
261873	RN1507	11062019	5	45.00000
261873	RN1655	11062019	200	9.00000
261912	RN1457	11062019	3	45.00000
261873	RN1556	11062019	10	45.00000
246261	RN1505	12062019	20	90.00000
246261	RN1507	12062019	10	27.00000
262466	RN1507	12062019	3	45.00000
262466	RN1551	12062019	3	9.00000
262908	RN1505	12062019	3	18.00000
262908	RN1655	12062019	3	9.00000
262908	RN1507	12062019	3	18.00000
262908	RN1661	12062019	5	990.00000
262908	RN1476	12062019	2	45.00000
245362	RN1654	12062019	10	27.00000
243232	RN1654	12062019	3	27.00000
245210	RN1551	12062019	3	90.00000
242037	RN1654	12062019	10	27.00000
824026	RN1655	12062019	10	0.00000
631488	RN1655	12062019	5	27.00000
264493	RN1654	12062019	3	45.00000
264493	RN1655	12062019	5	90.00000
264493	RN1505	12062019	5	90.00000
263501	RN1655	13062019	50	45.00000
611257	RN1505	13062019	1	108.00000
262444	RN1655	13062019	3	27.00000
262444	RN1654	13062019	5	18.00000
255237	RN1551	13062019	10	45.00000
611019	RN1457	13062019	20	90.00000
261130	RN2702	15062019	2	45.00000
261130	RN1556	15062019	3	45.00000
612395	RN1507	15062019	10	180.00000
651069	RN1654	15062019	3	27.00000
262196	RN1654	16062019	1	27.00000
612606	RR1716	17062019	2	63.00000
412030	RN1611	17062019	1	180.00000
252141	RN1556	17062019	3	27.00000
262908	RN2702	17062019	5	18.00000
262908	RN1506	17062019	25	9.00000
262908	RN1661	17062019	5	45.00000
262908	RN1457	17062019	10	9.00000
262908	RN1655	17062019	5	27.00000
261511	RN1507	18062019	1	45.00000
261283	RN2702	18062019	1	18.00000
261283	RN1507	18062019	1	27.00000
261912	RN1556	18062019	5	45.00000
241018	rr1509	18062019	5	27.00000
241018	RN1476	18062019	3	72.00000
612103	RR1716	18062019	3	27.00000
262092	RN1551	19062019	3	9.00000
242093	RR1475	19062019	10	27.00000
263372	RR1716	20062019	1	45.00000
242093	RN1556	20062019	3	45.00000
243249	RN1654	20062019	3	135.00000
243249	RN1655	20062019	2	45.00000
245233	RN1654	20062019	5	45.00000
245233	RN1655	20062019	3	45.00000
254110	RN1507	20062019	1	90.00000
264471	RN1655	20062019	1	45.00000
631079	RN1655	20062019	2	27.00000
255457	RN1655	20062019	5	90.00000
255457	RN1654	20062019	2	45.00000
612606	RR1716	20062019	1	135.00000
262908	RN1655	20062019	10	27.00000
262908	rr1509	20062019	3	18.00000
262908	RN1457	20062019	1	45.00000
262908	RN2702	20062019	2	90.00000
262908	RN1611	20062019	4	45.00000
262908	RN1506	20062019	3	45.00000
262908	RN1610	20062019	3	27.00000
264203	RN1655	20062019	5	180.00000
411122	RN1655	20062019	5	9.00000
611357	RN1654	20062019	3	45.00000
611357	RN1655	20062019	10	27.00000
246473	RN1655	20062019	1	45.00000
246031	RR1716	22062019	2	18.00000
631116	RN1655	22062019	2	18.00000
631273	RN1655	22062019	2	27.00000
631453	RN1655	22062019	2	18.00000
263552	RN1476	22062019	3	18.00000
263717	RN1654	22062019	2	9.00000
263717	RN1655	22062019	1	18.00000
251028	RR1716	22062019	5	27.00000
631461	RN1655	22062019	5	27.00000
631463	RN1655	22062019	5	9.00000
835589	RN1654	22062019	2	9.00000
835589	RN1655	22062019	3	45.00000
651191	RN1505	23062019	1	9.00000
261745	RN1654	23062019	2	54.00000
261745	RN1655	23062019	3	18.00000
611171	RN1655	23062019	3	45.00000
611171	RN1654	23062019	5	27.00000
631393	RN1655	23062019	2	27.00000
631393	RN1654	23062019	20	18.00000
631115	RN1655	23062019	6	9.00000
631115	RN1654	23062019	3	45.00000
651191	RN1505	24062019	3	18.00000
642482	RR1715	24062019	4	18.00000
254112	rr1561	25062019	2	27.00000
262067	RN1476	26062019	2	18.00000
262067	RN2110	26062019	5	18.00000
262067	RN2702	26062019	1	18.00000
262067	RN2111	26062019	2	18.00000
262067	RN2109	26062019	2	18.00000
262067	rr1509	26062019	1	27.00000
262067	RN1655	26062019	2	18.00000
242093	RN1455	26062019	3	45.00000
261165	RR1718	26062019	2	18.00000
261165	RR1719	26062019	5	18.00000
243325	RR1716	01072019	1	90.00000
251082	RR1475	01072019	20	90.00000
251082	RN1507	01072019	2	18.00000
251082	RN1711	01072019	2	45.00000
242207	RN1654	01072019	0	45.00000
245371	RN1507	01072019	10	27.00000
641086	RN1655	01072019	10	45.00000
255461	RN1566	01072019	5	54.00000
255461	RN1506	01072019	3	18.00000
255461	RR1051	01072019	3	18.00000
255461	RN1455	01072019	10	18.00000
255461	RN1457	01072019	6	162.00000
255461	RN1476	01072019	12	900.00000
255461	rr1509	01072019	2	45.00000
255461	RN1655	01072019	5	36.00000
611002	RR2601	01072019	10	90.00000
642482	RR1669	01072019	1	45.00000
642482	RR1659	01072019	2	9.00000
261619	RR2118	01072019	2	18.00000
261619	RN1476	01072019	5	18.00000
261480	RN1711	01072019	5	27.00000
261480	rr1572	01072019	1	180.00000
264186	RN1655	01072019	5	9.00000
264186	RN1654	01072019	2	27.00000
264404	RN1655	01072019	20	90.00000
264404	RN1654	01072019	2	90.00000
264007	RN1654	01072019	2	27.00000
264007	RN1655	01072019	5	180.00000
212192	RN1507	01072019	1	18.00000
835621	RN1654	01072019	4	18.00000
835621	RN1655	01072019	5	27.00000
264056	RN1655	01072019	2	18.00000
263084	RR1690	01072019	3	27.00000
262196	RN1655	01072019	1	45.00000
262196	RN1654	01072019	2	18.00000
262196	RN1507	01072019	2	18.00000
254351	RN1654	01072019	2	18.00000
253090	RN1655	01072019	1	9.00000
824026	RN2110	01072019	5	45.00000
631145	RR1716	01072019	3	27.00000
251033	RR1716	01072019	3	18.00000
262337	rr1509	01072019	3	27.00000
262337	RN2702	01072019	2	18.00000
262337	RN2111	01072019	15	18.00000
262337	RN2110	01072019	1	27.00000
262337	RN2109	01072019	1	9.00000
262337	RN1660	01072019	1	18.00000
262337	RN1655	01072019	3	18.00000
242121	RN1507	01072019	10	90.00000
263356	RN1455	01072019	3	45.00000
263356	RN1507	01072019	10	72.00000
261955	RN1507	01072019	3	27.00000
255415	RN1507	01072019	30	135.00000
262908	RN1655	01072019	5	18.00000
262908	rr1509	01072019	4	18.00000
262908	RN1660	01072019	1	45.00000
262908	rr1572	01072019	2	18.00000
262908	RN2109	01072019	1	9.00000
262908	RN1566	01072019	4	18.00000
262908	RN2110	01072019	5	45.00000
262908	RN1502	01072019	100	18.00000
262908	RN2702	01072019	8	9.00000
262908	RN2111	01072019	5	450.00000
262908	RN1455	01072019	1	18.00000
262908	RN1457	01072019	15	90.00000
262023	RR1716	01072019	2	45.00000
261205	RN1507	01072019	20	18.00000
261912	RN1507	01072019	2	135.00000
262080	RN1556	01072019	10	27.00000
612786	RN2110	01072019	10	45.00000
246008	RR1715	01072019	5	27.00000
246008	RN1556	01072019	5	45.00000
263934	RN1655	01072019	1	18.00000
263934	RN1654	01072019	11	9.00000
814288	RN1551	01072019	6	18.00000
242093	RN2702	01072019	7	27.00000
224558	RN1655	01062019	2	18.00000
132039	RN2109	02062019	2	18.00000
133010	RN1655	03062019	2	27.00000
363222	RN1661	09062019	10	18.00000
131398	RN1655	10062019	3	18.00000
131371	RN1655	10062019	3	9.00000
225186	RN1655	13062019	2	27.00000
133270	RN1655	15062019	1	27.00000
222013	RR1051	15062019	2	27.00000
351285	RR1712	15062019	2	9.00000
311090	RN1711	15062019	2	18.00000
321054	RR1690	15062019	3	18.00000
222194	RN1507	16062019	1	9.00000
363004	RN1660	19062019	4	27.00000
363004	RN1476	19062019	2	18.00000
363004	RR1541	19062019	4	27.00000
363004	rr1509	19062019	1	27.00000
363004	RN2702	19062019	1	18.00000
211016	RR1659	19062019	4	90.00000
211016	RR1051	22062019	10	90.00000
211016	RR1659	22062019	1	27.00000
341197	RN1476	23062019	5	9.00000
121501	RN1655	25062019	5	27.00000
342600	RN1476	25062019	5	9.00000
351288	RN1476	26062019	10	90.00000
332153	RN1505	27062019	30	18.00000
341510	RN1502	01062019	10	18.00000
341510	RN1505	01062019	5	45.00000
341510	RN1654	01062019	2	18.00000
341510	RN2111	01062019	2	27.00000
341510	RN1655	01062019	2	18.00000
132081	RN1655	01062019	2	18.00000
352198	RN1476	01062019	5	9.00000
222300	RN1556	01062019	4	27.00000
352198	RN1551	01062019	3	9.00000
352198	RN1507	01062019	5	90.00000
352198	RN1455	01062019	2	45.00000
331048	RN1551	01062019	5	27.00000
342130	RN1505	01062019	2	90.00000
131371	RN1655	01062019	2	18.00000
132081	RN1655	01062019	28	18.00000
131398	RN1655	01062019	20	90.00000
133010	RN1655	01062019	3	45.00000
133018	RN1476	01062019	5	18.00000
132132	RN1655	01062019	2	45.00000
132132	RN1476	01062019	3	9.00000
133167	RN1655	01062019	2	18.00000
133167	RN1476	01062019	6	90.00000
332114	RN2111	01062019	5	18.00000
332114	RN1476	01062019	1	18.00000
332114	RN1655	01062019	276	27.00000
225152	RR1713	01062019	5	27.00000
211068	RN1457	01062019	10	27.00000
212033	RN1556	01062019	5	45.00000
342354	RN1655	01062019	3	9.00000
352196	RN1655	02062019	5	45.00000
352196	RN1476	02062019	2	90.00000
341003	RN1655	02062019	3	45.00000
341003	RN1476	02062019	4	27.00000
221079	RN1507	02062019	1	45.00000
311545	RN1654	02062019	5	45.00000
132248	RN1655	02062019	59	27.00000
133270	RN1655	02062019	2	27.00000
311436	RN1505	02062019	2	18.00000
363222	RN1660	03062019	3	18.00000
362236	RN1551	03062019	8	45.00000
212406	RN1507	03062019	3	27.00000
132106	RN1476	03062019	3	45.00000
132028	RN1476	03062019	2	45.00000
341112	RN1655	03062019	2	54.00000
341112	RN1507	03062019	3	18.00000
341112	RN1476	03062019	50	180.00000
341112	RN1506	03062019	3	90.00000
341112	RN1455	03062019	26	18.00000
341112	RN1457	03062019	3	27.00000
341112	RN1505	03062019	5	18.00000
132075	RN1476	03062019	5	18.00000
131094	RN1476	03062019	1	18.00000
133191	RN1655	03062019	2	18.00000
131556	RN1505	03062019	2	18.00000
363222	RN1661	04062019	1	18.00000
122693	RN1586	04062019	1	18.00000
222123	RN1455	08062019	3	27.00000
361048	RN1507	08062019	3	45.00000
342094	RN1655	08062019	3	45.00000
342094	RN2110	08062019	1	27.00000
342094	RN2702	08062019	1	90.00000
211002	rr1509	08062019	5	45.00000
222020	RN1505	08062019	2	45.00000
211014	RN1502	09062019	1	18.00000
131373	RN1655	09062019	2	90.00000
131370	RN2702	09062019	1	27.00000
131446	RN2702	09062019	2	18.00000
131446	RN2111	09062019	3	27.00000
131081	RN2109	09062019	4	45.00000
352215	RN1556	09062019	2	180.00000
121062	RN1476	09062019	2	27.00000
351255	RN1654	09062019	345	180.00000
222223	RN1551	09062019	1	18.00000
351066	RN1507	10062019	5	27.00000
122124	RN1476	10062019	1	18.00000
212033	RN1476	10062019	1	9.00000
342383	RN1476	10062019	30	18.00000
342383	rr1509	10062019	2	18.00000
222179	rr1572	10062019	5	18.00000
222143	RN1655	10062019	1	18.00000
231229	RN2111	10062019	6	27.00000
231229	RN2702	10062019	5	9.00000
341451	RN1655	10062019	2	36.00000
341451	RN1654	10062019	1	18.00000
321054	RR1690	11062019	1	90.00000
351190	RN2702	11062019	1	18.00000
342209	RN1655	11062019	2	27.00000
224597	RN1655	11062019	2	18.00000
363240	RN1507	11062019	10	9.00000
222015	RR1475	12062019	2	18.00000
222015	RN1556	12062019	2	9.00000
222015	RN1655	12062019	2	18.00000
222015	RN1507	12062019	1	18.00000
222194	RN1507	12062019	2	54.00000
311421	RN1551	12062019	3	45.00000
311421	RN1476	12062019	2	45.00000
342135	RN1476	12062019	1	18.00000
352131	RN1551	12062019	5	90.00000
352131	RN1505	12062019	5	45.00000
311608	RN1455	12062019	2	45.00000
341202	RN1476	12062019	2	18.00000
341202	rr1509	12062019	5	9.00000
341202	RR1690	12062019	5	18.00000
341202	RN1551	12062019	6	45.00000
123455	rr1572	12062019	2	27.00000
341069	RR1671	13062019	2	9.00000
341069	RR1667	13062019	3	90.00000
341069	RR1541	13062019	1	45.00000
221094	RN1455	13062019	3	45.00000
221094	RN1457	13062019	2	33.75000
221210	RR104	13062019	1	33.75000
221210	RN1455	13062019	20	67.50000
221210	RN1457	13062019	20	67.50000
351384	RN1476	13062019	5	101.25000
221050	rr1572	13062019	3	33.75000
221050	RN1505	13062019	3	67.50000
221050	RR1050	13062019	4	101.25000
211016	RR1659	13062019	2	33.75000
211016	RN2109	13062019	3	202.50000
211016	RR1669	13062019	1	67.50000
211016	rr1572	13062019	1	33.75000
211016	RN2110	13062019	2	67.50000
211016	RN2111	13062019	2	67.50000
211016	RR1674	13062019	8	67.50000
321235	RN1556	15062019	8	33.75000
221067	RN1502	15062019	1	33.75000
221122	RN1507	15062019	5	33.75000
221122	RN1505	15062019	2	33.75000
221191	RN1655	15062019	2	67.50000
221191	RR1050	15062019	5	33.75000
221191	RR1051	15062019	5	101.25000
221191	RN1551	15062019	10	33.75000
311401	RN1506	15062019	2	67.50000
311401	RN1505	15062019	1	67.50000
342594	RN1476	15062019	1	67.50000
221122	RN1655	15062019	1	101.25000
221122	RN1660	15062019	2	675.00000
221122	RN1455	15062019	1	33.75000
221122	RN1502	15062019	2	101.25000
221122	RN1556	15062019	5	33.75000
121501	RN1655	15062019	2	168.75000
364013	RN1507	16062019	1	67.50000
212406	RN1556	16062019	3	67.50000
212406	RN1476	16062019	3	101.25000
212406	rr1572	16062019	3	67.50000
212406	RN1655	16062019	2	33.75000
131491	RN1654	16062019	2	101.25000
222268	rr1509	16062019	2	67.50000
222268	RN1655	16062019	5	810.00000
212301	RN1502	16062019	2	67.50000
212301	RN1551	16062019	5	101.25000
331371	RN1506	16062019	3	67.50000
331371	RN1505	16062019	1	168.75000
342089	RN1556	16062019	3	67.50000
351324	RN1476	16062019	2	67.50000
363004	RN1476	16062019	5	33.75000
363004	RN2702	16062019	10	67.50000
363004	rr1509	16062019	5	33.75000
363004	RR1541	16062019	3	33.75000
363004	RN1660	16062019	5	135.00000
363004	RN1660	17062019	10	33.75000
363004	RR1541	17062019	1	33.75000
363004	RN2109	17062019	1	33.75000
363004	RN1476	17062019	2	33.75000
363004	rr1509	17062019	2	67.50000
224121	RN1505	17062019	5	33.75000
222147	RN1655	17062019	2	67.50000
222194	RN1507	17062019	4	33.75000
222009	RN1556	18062019	2	33.75000
332153	RN1505	18062019	2	67.50000
211016	RR1050	18062019	2	101.25000
211016	RN1654	18062019	10	33.75000
211016	RN1505	18062019	3	135.00000
211016	RR1051	18062019	2	33.75000
211016	RN2111	18062019	2	33.75000
211016	RR1674	18062019	3	33.75000
211016	RN1566	18062019	2	33.75000
211016	RN2110	18062019	3	67.50000
211016	RN2109	18062019	10	33.75000
211016	RR1715	18062019	1	67.50000
211016	RR1669	18062019	1	67.50000
211016	rr1509	18062019	1	33.75000
211016	RN1655	18062019	5	33.75000
211016	RN1507	18062019	2	33.75000
211016	RN1476	18062019	3	67.50000
211016	RR1659	18062019	2	33.75000
351169	rr1509	19062019	30	101.25000
351169	RN1476	19062019	1	337.50000
321320	RN1476	19062019	5	67.50000
341038	RN1655	22062019	5	101.25000
341038	RN2109	22062019	8	101.25000
341038	RN1502	22062019	2	135.00000
225120	RN1507	22062019	120	67.50000
132248	RN1551	22062019	2	33.75000
131371	RN1502	22062019	10	67.50000
131371	rr1509	22062019	10	33.75000
213021	RN2110	22062019	2	168.75000
213021	RN2109	22062019	5	33.75000
213021	RN1556	22062019	10	67.50000
213021	RN1476	22062019	2	33.75000
213021	rr1572	22062019	5	33.75000
213021	RN1551	22062019	3	337.50000
213021	RN2111	22062019	2	33.75000
213021	RN1455	22062019	1	101.25000
213021	RN1655	22062019	1	135.00000
213021	RN1507	22062019	3	67.50000
213021	RR1690	22062019	3	67.50000
123038	RN1476	22062019	2	67.50000
123038	RN1556	22062019	3	33.75000
131061	rr1576	22062019	1	67.50000
342600	RN1476	22062019	3	67.50000
224589	RN1655	22062019	5	33.75000
363092	RN1507	23062019	3	33.75000
341707	RN1655	23062019	0	101.25000
341871	RN1655	23062019	2	33.75000
222013	RN1502	23062019	3	33.75000
222064	rr1509	24062019	1	67.50000
351288	RN1476	24062019	1	67.50000
362459	RN1654	24062019	5	67.50000
222015	RR1690	24062019	2	168.75000
224225	RN2702	24062019	4	33.75000
224225	RN1455	24062019	3	67.50000
224225	RN2109	24062019	6	168.75000
224225	RN1457	24062019	1	33.75000
222015	RN1661	25062019	6	33.75000
131522	RN1655	25062019	3	168.75000
131423	RN1655	25062019	3	168.75000
133153	RN1655	25062019	2	33.75000
133191	RN1655	26062019	5	33.75000
362132	RN1654	01072019	3	67.50000
321225	RN1551	01072019	3	33.75000
321225	RN1655	01072019	2	33.75000
321225	RN1505	01072019	3	675.00000
363135	RN1655	01072019	5	101.25000
342106	RN1711	01072019	5	33.75000
363532	RN1654	01072019	1	168.75000
363532	RN1655	01072019	3	67.50000
362427	RN1654	01072019	30	33.75000
352198	rr1509	01072019	2	67.50000
351288	RN1551	01072019	2	202.50000
311707	RN1654	01072019	2	67.50000
362262	RN1505	01072019	15	67.50000
351288	RN1506	01072019	2	337.50000
222119	RN1556	01072019	1	101.25000
224187	RN1655	01072019	2	67.50000
224121	RN1556	01072019	1	33.75000
224121	RN1505	01072019	2	67.50000
351190	RN1551	01072019	1	33.75000
212033	RN1551	01072019	5	101.25000
212033	RN1455	01072019	2	337.50000
311096	RN1476	01072019	2	67.50000
332035	RN1476	01072019	2	168.75000
816106	RN1654	01072019	3	33.75000
222119	RN1655	01072019	1	67.50000
231096	RN1507	01072019	5	168.75000
222194	RN1476	01072019	2	33.75000
222194	RN1556	01072019	3	101.25000
222223	RN1551	01072019	4	33.75000
222223	RN1556	01072019	2	33.75000
222223	RN1507	01072019	3	33.75000
222223	RN1655	01072019	20	168.75000
341583	RN2110	01072019	13	101.25000
341583	rr1527	01072019	1	337.50000
341583	RN1655	01072019	2	33.75000
352210	RN1556	01072019	10	101.25000
352210	RN1551	01072019	5	67.50000
363174	RN2110	01072019	2	33.75000
361032	RN1455	01072019	5	67.50000
352089	RN1655	01072019	1	33.75000
331154	RN1502	01072019	3	67.50000
331368	RN1556	01072019	2	33.75000
341003	RN1455	01072019	2	67.50000
321004	RN1556	01072019	5	202.50000
321004	RN1711	01072019	2	33.75000
214016	RN1507	01072019	3	33.75000
222009	RN1551	01072019	2	33.75000
222009	RN1556	01072019	2	33.75000
342148	RR1475	01072019	20	33.75000
363591	RN1507	01072019	4	33.75000
831114	RN1507	01072019	3	168.75000
362083	RN1654	01072019	177	33.75000
224146	RN1654	01072019	2	33.75000
363139	RN1654	01072019	5	675.00000
231070	RN1654	01072019	2	33.75000
363092	RN1655	01072019	5	202.50000
363092	RN1654	01072019	5	67.50000
311278	RN1655	01072019	3	33.75000
311278	RN1654	01072019	10	33.75000
342454	RN1655	01072019	2	33.75000
363222	RN1505	01072019	2	101.25000
321075	RN1556	01072019	5	33.75000
311430	RN1502	01072019	1	33.75000
311430	RN1476	01072019	2	33.75000
331135	RN1551	01072019	1	33.75000
364137	RN1507	01072019	1	33.75000
364137	RR1690	01072019	2	33.75000
364137	RN1655	01072019	2	67.50000
364137	RN1476	01072019	3	67.50000
364137	RN1556	01072019	1	101.25000
364137	RN2109	01072019	3	67.50000
364137	RR1713	01072019	1	33.75000
364137	RN1455	01072019	3	67.50000
364137	RN1551	01072019	1	33.75000
768021	R1506	11062019	6	67.50000
726111	RR1506	01062019	5	67.50000
756010	RN1551	04062019	1	101.25000
729011	RN1566	01062019	3	33.75000
729023	RN1506	09062019	3	33.75000
745035	RN1711	09062019	3	168.75000
748032	RN1661	16062019	1	67.50000
748032	RN1586	16062019	1	67.50000
731206	RR1715	09062019	2	67.50000
751004	RR2118	09062019	1	33.75000
751004	RR2119	09062019	2	101.25000
751040	r1906	13062019	2	337.50000
744039	RR1051	12062019	5	67.50000
744039	rr1473	12062019	2	33.75000
744039	RR1050	12062019	2	33.75000
782035	RN2702	11062019	200	33.75000
782035	rr1572	11062019	2	33.75000
782035	RN2109	11062019	1	33.75000
782035	RN1660	11062019	3	33.75000
782035	RN1455	11062019	2	33.75000
733004	RR1716	11062019	1	67.50000
782005	RR1671	13062019	1	33.75000
731140	RN1551	19062019	1	33.75000
741156	RN1502	18062019	3	168.75000
744044	rr1473	26062019	1	33.75000
744013	RN1551	22062019	10	33.75000
785071	RN1507	24062019	1	168.75000
748060	RR118	25062019	2	67.50000
766034	RN1711	25062019	10	337.50000
755056	R2108	27062019	5	67.50000
772347	RN1556	01062019	3	33.75000
761399	RN1476	01062019	1	33.75000
751033	RN1507	01062019	17	168.75000
736124	rr1572	01062019	10	33.75000
741156	RN1654	01062019	10	135.00000
741156	RN1655	01062019	1	101.25000
741156	rr1572	01062019	2	0.00000
782014	RN1711	01062019	20	33.75000
782014	RN1660	01062019	5	67.50000
731362	RR2119	01062019	10	33.75000
772174	rr1509	01062019	75	67.50000
768020	RN1507	01062019	3	67.50000
772118	rr1572	01062019	3	33.75000
748043	RR1669	01062019	3	168.75000
745035	RN1660	01062019	5	33.75000
745035	RN1505	01062019	2	67.50000
736039	RN1476	01062019	2	168.75000
736043	RN1476	01062019	40	168.75000
744039	RN1556	01062019	2	33.75000
764001	RN2110	01062019	2	168.75000
764001	RN1551	01062019	1	33.75000
836072	RN1507	01062019	5	168.75000
836072	RN1660	01062019	1	33.75000
836072	RN1505	01062019	5	101.25000
836072	RN1661	01062019	1	67.50000
836072	RN1506	01062019	1	33.75000
836072	rr1527	01062019	3	33.75000
836072	rr1572	01062019	10	67.50000
769084	rr1572	01062019	10	33.75000
768016	RR1716	01062019	100	33.75000
745035	RN1507	01062019	2	67.50000
732033	RN1551	02062019	3	77.62500
727036	RN1655	02062019	1	194.06250
724004	RN1476	02062019	1	116.43750
724004	RN1507	02062019	2	77.62500
777002	RN2109	02062019	3	15525.00000
777002	RR2602	02062019	2	116.43750
777002	RN1556	02062019	1	116.43750
777002	RN1655	02062019	1	77.62500
777002	RN1711	02062019	5	77.62500
731314	RN1476	02062019	3	38.81250
751012	RN1455	02062019	2	77.62500
765141	RN2110	02062019	2	77.62500
765141	RN1507	02062019	3	38.81250
748032	RN1455	02062019	2	38.81250
765101	RN1476	02062019	0	77.62500
765101	RN1507	02062019	5	116.43750
765101	RN1660	02062019	1	155.25000
731197	RN1551	02062019	2	38.81250
731262	RN1505	03062019	2	38.81250
723098	RN1654	03062019	2	38.81250
723098	RN1655	03062019	3	194.06250
763039	RN1660	03062019	1	38.81250
764021	RR1669	03062019	3	194.06250
772174	RN1556	03062019	1	77.62500
772174	RN1507	03062019	2	77.62500
775012	RR1713	03062019	1	38.81250
775045	rr1572	03062019	5	116.43750
775029	RN1556	03062019	6	38.81250
775029	RN1457	03062019	2	38.81250
744301	RN1711	03062019	4	194.06250
744301	rr1572	03062019	1	38.81250
751069	RR1716	03062019	1	38.81250
751069	RN1556	03062019	2	38.81250
751069	rr1572	03062019	1	116.43750
751069	RN1455	03062019	1	194.06250
745035	RN1711	03062019	2	77.62500
727143	RN1505	03062019	2	38.81250
729058	RN1507	03062019	2	38.81250
729058	rr1527	03062019	1	116.43750
729058	RN1556	03062019	2	155.25000
772002	RN1556	03062019	1	388.12500
772002	rr1572	03062019	1	38.81250
772002	RN1455	03062019	5	155.25000
772002	rr1509	03062019	2	116.43750
772002	RN1551	03062019	3	77.62500
744044	RN1476	03062019	1	38.81250
748043	RN2702	04062019	3	38.81250
735031	RN1655	04062019	2	38.81250
729023	RN1506	04062019	2	155.25000
749028	RR1715	08062019	10	155.25000
773061	RN1586	08062019	16	194.06250
773061	RN1455	08062019	2	38.81250
773061	RR1715	08062019	50	155.25000
772174	RN1457	08062019	2	38.81250
772174	RN1476	08062019	3	38.81250
734003	RN1476	08062019	3	77.62500
774089	RR1671	08062019	3	38.81250
736124	RN2110	08062019	5	194.06250
727002	RN1505	08062019	5	38.81250
765097	rr1509	08062019	1	77.62500
765097	RN1507	08062019	1	38.81250
748043	RN2702	08062019	1	77.62500
748043	RN2111	08062019	4	0.00000
783001	RR1716	08062019	10	14748.75000
745035	RN1457	08062019	2	77.62500
746010	RN1586	08062019	2	38.81250
727134	RN1505	08062019	2	38.81250
725065	RN1476	08062019	2	38.81250
728061	RN1551	08062019	160	77.62500
728061	RN1586	08062019	5	77.62500
778258	RN1455	08062019	2	38.81250
778258	rr1572	08062019	3	38.81250
778258	RN1507	08062019	3	38.81250
778258	RN1505	08062019	1	77.62500
744025	RN2702	09062019	2	310.50000
744025	RN1507	09062019	2	38.81250
752045	RN1551	09062019	2	194.06250
722045	RN1655	09062019	2	77.62500
752161	RN1476	09062019	3	38.81250
723098	rr1572	09062019	3	776.25000
776044	RR1716	09062019	3	310.50000
751004	RR2602	09062019	3	38.81250
773074	RR1671	09062019	3	38.81250
741192	RN1476	10062019	5	77.62500
741192	RN1505	10062019	5	38.81250
782035	rr1572	10062019	1	38.81250
782035	RN2109	10062019	1	38.81250
782035	RN2702	10062019	1	38.81250
782035	RN1455	10062019	2	38.81250
782035	RN1660	10062019	10	116.43750
782035	RN1507	10062019	2	77.62500
782035	RN1505	10062019	5	9.31500000
725067	RN1476	10062019	5	77.62500
725067	RN1586	10062019	10	116.43750
725183	RN1507	10062019	1	77.62500
725183	RN1661	10062019	5	116.43750
725183	RN1660	10062019	3	38.81250
723156	RN1476	10062019	2	77.62500
723156	RN1505	10062019	5	155.25000
748032	rr1572	10062019	3	38.81250
725165	RN1551	10062019	5	38.81250
722038	RN1507	10062019	5	38.81250
776046	RN1476	10062019	1	77.62500
769126	RN1505	10062019	1	698.62500
731355	RN1476	10062019	5	77.62500
774089	RN1476	11062019	5	77.62500
782035	RN1660	11062019	2	38.81250
782035	RN2109	11062019	1	38.81250
782035	RN2702	11062019	10	116.43750
782035	RN1455	11062019	10	38.81250